37.38841273598252
37.43114889500321
37.610696978223515
37.642752116747246
39.383027643677416
37.561274665486984
37.50375377953206
39.2167783779008
39.21882115910723
37.4314272329853
37.43086574973502
39.32810972445128
37.5080395663483
39.37384297101374
39.241253218430884
39.47550050737841
39.69500792961816
39.80520730631918
39.98927993823353
40.12822067903575
40.34109785777978
40.438162997404525
40.712548495293994
40.8168565236082
40.974660680228304
41.13485824266377
41.47117697406768
41.61257218218079
41.787147040701484
41.98627939552386
42.124898072970886
42.18013884761003
42.1833451412938
42.101000980553835
42.091033127135375
41.96055567448276
41.891874202238945
42.023870523577514
41.92231148105881
41.652785507258756
41.833725444314396
41.86160049736624
41.70952788009659
41.622196780637026
41.31704388401051
40.968408761626456
40.87266940671094
40.759674055351
40.70059414088132
40.526731421771956
40.427093689616484
40.46626589704675
40.3437045591031
40.33910265484317
40.10984336983063
40.064304310854965
40.194015524832984
40.1445674749048
40.19978985046366
40.50006339469646
40.55749427627443
40.91489209542658
41.325480121102586
41.3674368026709
41.62782113368896
41.62044691795201
41.602002618324775
41.54176314028077
41.432580492959964
41.29033145359767
41.31580384828036
41.29065441269654
41.20731981851376
41.16244638973787
41.34192068622934
41.287127002962286
41.38634896543606
41.61334466010608
41.66874029946381
41.97206203752963
41.965086490194565
42.02249455725086
42.61230754852047
42.61872943136811
42.98520480216605
43.07846103548067
43.34700077050274
43.4795638628791
43.60032437733945
43.72082829613935
43.89680344026059
44.23308703087612
44.552431400868585
45.02218496985014
45.3980005903546
46.175922339015834
46.734359363278706
47.775799622123415
47.50829523064769
48.259934950060995
48.8573091097489
49.373289720777684
49.779936235398715
50.449894206959634
50.537400574217216
51.04282652320143
51.23080435535537
51.03980591516034
50.80104556404746
50.480318015026825
50.082863914968655
50.12846031726592
50.270122033086516
49.462113530940094
49.70700262789706
49.55665950198888
49.53368503305331
49.40953316423394
49.32229760873587
49.37805183818337
49.41282021678927
49.47562593788241
49.27676875828262
49.09798240483819
49.53484722597291
49.30342445968968
49.315761115798516
49.16067577812023
48.70179691657354
48.64312675906014
48.59702843587147
48.53084238425895
48.03345643299054
47.793862201244316
47.79107199152783
47.727904505886855
47.56729954988453
47.243028849607775
47.102699583214935
46.84605374659858
46.46611255472246
46.25116944973271
45.74206945523866
45.37844640637318
44.74932534982323
44.20257705718353
43.740015195216564
43.105899144284635
42.8238010349579
42.32259070948751
42.17429867427936
41.84394487008365
41.47888546534392
41.25480291966151
40.86888693572673
40.943389980682774
41.16968470274536
41.1470024444568
41.34993627144449
41.418531545305086
41.36910494352004
41.43897374725544
41.8525047763737
42.214229436114
42.17779897846909
42.30649414080809
42.647040244886774
42.93270247621508
43.1698656090634
42.165546546369235
43.035526578815464
43.03815581650443
42.92354795007843
42.75028518117582
42.33879345392442
41.789774894707605
41.34007784398272
41.0108080356573
39.524216399275545
39.25794089961572
38.8029105290059
39.85243687464967
39.8277608481055
39.6226118271997
39.5100721004759
39.195026577962174
38.98372378343881
38.51483665247783
38.34984248877444
38.212392641957685
38.370995853911445
38.20594118611283
38.17099685708501
38.234918968998684
38.16608929711635
38.4787107893177
38.80940707567882
39.278692253218566
39.38360900982622
39.76629126836029
39.87125635594045
39.376146681405665
39.19126875709843
37.994089355946514
37.70700587948313
38.543075957029615
38.53473115741342
38.63521734751262
38.7744251922095
38.85372894063596
39.29187350268209
39.305034301691165
40.046280463734725
40.28209479435008
40.63066920856198
40.93728852006923
41.062808918929775
40.32738871730978
41.198054990244884
41.30555851809072
40.93067869645963
40.92161454691905
40.983331063005046
40.466134448070335
40.56266596950382
40.321189604097746
40.28454441596675
40.112113925785806
39.8909292726813
39.7468024473398
39.68428943606306
39.57674809313355
38.62326103586223
39.55163277044013
39.55491896627547
39.78911353179917
39.81145666472613
38.717112173977874
39.372538055326615
39.161137016750885
37.81179298600083
38.79212521337806
38.87193988022238
38.6754179610177
37.57924026097575
37.50207922503625
38.60772343340672
38.57799680238429
38.690956934644504
37.44895476634757
37.7347646959333
38.79312430968104
37.96668252233833
39.02459533658482
39.52993213276512
38.2823721215538
39.53348468969221
39.74570166075356
39.96438672255198
38.89098825366287
39.03240641156043
40.12153560665125
40.37843202213038
40.38976686392819
39.2764851934509
39.40043580976311
39.08967109161536
38.83982608264621
38.463690868436466
38.1437580371955
37.91038622840191
37.91743220340214
39.00797103962074
38.85899335349608
38.94761880840759
38.89622129463481
38.04980462761472
38.12748785362348
38.08192558824364
37.95994716333953
38.71137957390384
37.35394271698882
38.23743841849158
38.261739158785076
38.00705978169568
38.177739889375054
37.96365298700396
37.65690258102992
36.518905060485366
37.63407224695919
36.571770242737344
37.5633703520073
37.753595798904485
37.11542004226993
38.440123911046754
38.51098545617249
38.808027067616194
38.85056005645873
38.08922222604823
38.03159475482761
38.99185301282593
38.94772586702481
38.66975962038771
38.544674185607306
38.529070737379506
38.01637199700439
36.68268184707134
36.589172798955154
37.773781862595925
37.48384164797695
37.57475719761306
37.29526432763205
37.14146692978707
37.10276801787798
37.05976756552149
36.84694664955173
36.78762535009615
36.30350073434256
36.312899341590054
35.261300165714395
36.19835583500385
36.488770984033934
36.37315012899368
36.52771237399928
36.849544367313335
37.06111338731314
37.198503091513544
37.28734162447295
37.28961782519731
37.26614406097353
37.25912593046439
37.198343075880594
37.09727296630295
37.089858911886964
37.024797362841305
35.96001555592902
36.94559105976824
36.99452181746987
37.22968079540152
37.08441404796049
37.23805893474938
37.26297588666855
37.35015345885868
36.16590208940924
37.176418731305006
37.39083726951706
37.49633079515106
37.533266939830845
37.71870454909741
37.84897189211753
38.13882207483353
38.04542879391452
37.9527871557532
37.97344585833617
37.991664662815445
37.847756368902715
38.12491175261993
37.8652463260615
36.72973821491143
36.4452599892997
35.972055750330576
35.467080688731386
35.37090829291955
34.816074290175195
35.823902927006145
34.7253925775833
35.5479829402372
34.57934739361409
35.54053918048202
35.51050651550528
35.650259642013246
35.53873917749557
35.668907950016795
35.64250776479826
35.73158638672751
35.70216023646176
35.76876293528675
35.76369489620458
35.787771724115096
34.96057173371184
36.07086197567068
36.09206439100198
36.185053156628264
36.14203941459593
36.08146298345569
36.239269362191166
36.43727539152774
36.68898156437668
36.97699976689767
37.01647505678926
37.09662610838199
37.102212057558376
37.28676289351248
37.17215030610667
37.42053467030396
36.56905440511052
36.66762586268082
37.093698024345386
38.16720398221699
37.436087354599856
38.38058200453368
37.70667399528421
38.595030847446395
37.87843600604274
38.85803606710776
39.00189959338623
39.00372840484874
39.08187418919129
38.9818384737409
38.32076999422854
38.84706785979325
38.42329771315758
37.784620924946026
37.71359154657737
38.51006898808022
38.295826274618214
37.960455078910904
36.77624000594822
36.545674234024354
37.40018266448573
37.05116381947024
36.7943982871838
36.695952414520114
35.30934702266131
36.337325143031464
36.24932558868914
35.554148857454685
36.36571915606658
35.668905886805724
35.91753467416193
37.02401031090676
37.08090748638432
37.43202500327709
37.66979420347768
37.55726531377371
37.51585549283872
37.26557980929002
37.232199169261776
37.06964719571523
36.99122877494438
36.91339671060996
36.138199629363626
36.910895323801995
36.84499943042739
36.623571080682844
36.44834061330532
36.29709211449742
36.26600713118392
35.0981036758407
36.048104678339534
35.85123879202937
34.825467767229426
35.628421530925415
35.523818288114484
35.509757716747764
35.552236593824695
35.362033257537654
35.240054546569496
35.39579791086952
35.35371286096933
35.27425026128527
35.48419318588073
35.450838448878635
35.60171675139931
35.69791468854485
35.85759189953563
35.86274583012715
36.00559170579957
35.265677798945184
36.16225427876427
36.32662354928511
36.340034173182424
36.33510480301032
36.273126132516545
36.2196574026837
36.164717465020445
36.1283727124089
35.86616582465674
35.80793277825683
35.444458377704464
35.26443141380174
35.21543075102355
35.200189984761025
35.204676920813654
35.390557515130574
35.381315180275166
34.43100870758613
35.36419288891172
35.30492845329084
35.37433711508235
35.32186955815999
35.20009008361137
35.17122773137643
34.99583875748549
34.98935994327956
35.11215424730416
35.07514406962328
35.014803168618364
34.089018669194374
33.90858154280035
33.85439405630175
34.70173187891624
34.76545309207785
33.572382831759086
34.62117376702543
33.898166133732104
33.99545762581998
33.718210024182824
33.85205994267551
33.92568808134035
34.531299152226396
33.50999546310607
35.18281703444999
35.40924949653401
35.720632969346724
35.52880307874919
36.25396143479266
35.601363146705346
35.96896641153415
35.93788310183634
35.82012847126172
35.44223768879638
36.57751413874827
35.58608508036314
36.463021259914214
36.6166664753355
36.597593354337455
36.50573162024274
36.36285013510488
36.38302673592345
36.10249101834087
36.074374326993386
34.887772117016475
34.894723648162696
35.09399372145892
35.853894213113996
36.09137708757687
35.08137579872941
35.99510597896176
35.47981799115072
35.56088601132895
34.56048336775619
35.38609211698784
34.63286119792328
35.28196091861942
34.458964401626965
34.316136642216016
34.1667991218796
34.524810100802235
34.54817096381237
34.53310950920578
34.73193291947537
35.44214280443268
34.834939487727475
34.52153205038564
35.259745810786235
34.61349396374052
34.62464958238188
34.5568915495498
34.671627393814916
34.60808230114152
34.85719645500353
34.944606234869575
35.09389684654695
35.15564373093516
35.588529854556754
35.67632588486556
36.48537651023034
35.74929544688375
36.74319606937142
36.55186650265578
35.90350811262181
36.876462443883945
35.77891997404295
36.77174499040589
36.511135042052096
35.28990859401513
35.20263915944152
35.04298555006819
35.843258131364315
35.78048732887523
34.5692542555794
35.488119208279926
35.51868556778664
35.44709701273281
35.59077144398915
35.43044911709483
34.395507316760096
35.44059877113321
35.251471397347814
34.433640251068745
34.57553037832936
34.70474966854834
34.66587634352733
34.71026755548983
35.638605500602196
35.83805444672515
35.86998167183414
35.09365734560579
35.356171770513804
36.36388743133667
36.52192719637787
35.78436272509784
36.82368785743487
36.08118894065007
36.238924304274455
37.163636931894004
36.47880183024483
37.26736551431055
37.37181901149264
36.34045299378696
36.16023485856781
36.866979588671434
35.649646934803535
35.350747620585025
36.36837386738564
36.104340756266055
35.14120452525128
36.13468341899032
34.905529989753454
34.79345690931931
34.6427329350934
35.56751466706928
35.84165193826519
35.722567858639046
35.80995480674497
34.93290240723477
35.96110267270598
36.196943833476446
36.258738157563464
36.57738694718335
36.71833453267272
35.60239098484752
36.95905250745973
36.945870011222674
36.85309688263185
37.06642435794443
37.24038065367175
36.37377681150121
37.37688733043083
37.484046894977
37.50160944258516
36.79532865235288
37.57553826087459
37.66179785366258
37.611616355563214
36.834656989245254
37.04046677227631
36.84664969101094
36.864664156790425
38.030035261459936
37.88301751730998
37.13219785668531
37.91627555690977
37.05153014700485
37.87524793593477
37.99378886230663
38.0622457529757
38.02669437376973
37.966378768920855
37.87471206392212
37.786097677139466
36.909382649918946
37.738673245315795
37.62169048088061
37.586023974156106
37.5195538942514
37.71564103635612
37.75906748274407
37.88303873311806
37.75795372527222
36.97805896116164
37.90462718988822
37.694341242937675
37.51162621112336
37.31635199509252
37.09916086245889
36.8988065806954
36.83151536228509
36.85845923445123
36.777584610512996
36.776179567954195
36.83036664679697
36.96325185743717
36.94863320005994
37.00324516402734
37.027716181514926
37.04405414005476
36.89936188309678
36.888993151072086
36.88246585532782
36.97152717014535
37.05491542020761
37.12089309538726
36.98452673101138
37.14079000817031
37.20728387933544
37.35381096826041
37.556014229939045
37.36815282543979
37.518361531860016
36.73385776446867
37.86206779872391
38.10598252685469
38.1807793740413
38.092853502839475
38.371545034346134
38.415173699309385
38.440779495790686
38.67698964055334
37.54841939612188
38.62477424290629
38.51747693055007
38.49589898050963
38.348225551523946
38.20566917007328
37.786663672649674
37.78875872824266
37.45231362028938
37.0616786404595
37.16248433390832
36.929677070698254
36.91431320821237
35.69090068800907
36.9077346697207
35.830405118106974
36.79034845837715
36.787878970731555
36.99070436676693
36.130388213782645
37.19550527375028
37.50270465788699
37.59583424114852
37.656527430924285
37.819100472793494
37.17600970739917
37.38012407526557
37.719924263897724
38.760137108831785
38.8344442850623
38.705792331065915
39.09995362103757
38.88763935161267
38.130567103002996
38.91936678428119
39.08488887818073
38.95676681424878
38.915467705436946
39.02703951700627
38.89538705292982
37.82297462184427
38.63294070593463
38.53890728918616
37.56482055271489
37.501730447364714
37.210895755471434
38.20926052181372
37.27167571001271
37.15416105510266
37.998353493095244
38.05661200911007
37.889237855486755
37.5583089732518
36.423471111156
37.25449812069199
37.15140476283812
37.06596045545391
37.16442894817647
36.09821267318579
35.93708963164495
37.05283428610327
36.00847001863596
36.94890592554728
36.9431854460014
36.943228029181874
36.97212189797294
37.176815189147696
36.18313248637734
36.478797635368295
37.462022339334936
36.81954934165765
38.03107434232765
38.2172212098758
38.68386250528017
37.90738038132864
38.768322193384655
38.798934516961054
38.95210516778019
38.048594187200244
38.7533000533502
38.84320173112858
38.77538541746717
38.81793320891118
38.63758589805175
38.54505254887452
38.398471323752034
38.25560293112455
38.381258038020675
38.29557759923358
37.34064684637065
37.038925247698955
36.95800543476067
38.11651789192797
37.77769321633963
37.89453813341765
37.78604938529749
37.56428829526091
37.3780104531032
37.37788229497997
37.38041812461769
37.07750154132953
36.922607346826304
36.86512868882537
36.89235769947464
36.61566562773262
36.681734443376364
36.626931469457304
36.64957221701051
36.66480242956817
36.731047919109145
37.014100330336824
36.75600942178619
36.98547693772868
37.16770700849419
36.27459010193339
36.66042554480209
37.78995678762554
37.96863621608342
38.090359395532396
38.135914113353785
38.463062368913995
37.550882901632335
38.51120403717231
38.71886786177465
37.84856096471464
38.79561959383516
38.837853676503656
38.606797525133736
38.617942584990445
37.819554651896546
38.63484399177063
38.47938842345149
37.21598265555749
37.567069411472474
37.204285067930385
37.010872276660876
38.001656776680406
37.807505758869134
37.59978280744045
37.35509517492547
37.074109660503574
37.221359377039
37.4332820046325
37.27453335063166
36.99761366354485
36.577535221363235
36.62604687557415
36.63673607957312
36.45686693179996
36.4870374135494
36.690612456779085
36.57367014422271
35.62918272685901
36.6736277799003
35.509785105816604
36.714446409134396
36.7693945597396
36.919667984023484
37.01568123180959
37.13252585002079
37.27707370876475
36.495902041517596
37.634141982796464
37.73118517773288
37.68731908277348
37.88089916397043
37.928154163884926
38.11756926080264
37.979474638357274
37.97689097704381
38.12508044135271
38.27225373947061
37.22294407358892
38.39979760940549
38.216776087761815
38.49600621589786
38.47339807070367
38.43199838872206
38.36861554121336
38.33632089899843
38.34251867260681
38.56097741823495
38.38568250833471
38.42793786603351
38.24963546237689
38.17751024137272
38.2770001702873
38.118333710635646
38.014955187792836
37.81509138627416
37.545671880136275
37.33290327768729
37.2895246084724
36.839869167460904
36.72847558034742
36.830135710561144
36.798283111379185
36.72351221757492
36.6207863888954
35.61886282514621
36.887533515745
36.73813684810372
36.82211431422899
37.00989449824261
37.124356466885985
37.0507775804955
37.41167681756493
37.71794715718971
37.902328067715196
38.044322147689066
38.00672050849783
38.15948719645614
38.45031469154126
37.508699100337026
38.70960897215382
37.89009902593804
38.8183917417153
38.68111541980372
38.7395937637308
38.81741398246465
38.541279777491056
37.56727053633778
38.59622244716881
38.47360932109983
38.31821981194893
38.271824644510325
38.0704093105327
38.10919256544575
38.21753305406258
38.04501290966029
38.07756683459067
38.03345662470414
38.21717218868937
38.28971241582997
38.248534881098614
38.32667916101579
38.302955077393506
38.281354740312466
38.22774371135761
38.2322419771208
38.26220727645452
38.14652268348417
38.33384998470028
38.26169143447388
38.05804972989033
38.082429765484775
37.80576496040204
37.70711983570399
37.614197735810784
37.58019927698897
37.5850447631833
37.74811384753657
37.828173540300256
37.73001493848748
37.60938215540134
37.479705999042025
37.30866152985506
37.11458435435989
36.97034514857266
36.92540238133522
37.07387037321061
37.17748248902584
37.18214028071598
37.369665933196984
37.16996825014228
37.02745973870824
36.939006388250846
36.83080596221531
36.61370657213189
36.7062901526583
35.65910981261122
36.728815153844636
36.639471729827555
36.63850964112548
36.601899712187446
36.77862493439875
36.9706745495579
36.94537947262839
36.99341593822718
37.180954391646935
37.137075679626456
37.13310512299299
36.2432123312977
37.34252292087474
37.492668721739896
37.31320581739166
37.403231531821895
37.319118487283994
37.26314175705786
37.47024094287417
36.14782413270663
36.358912331533794
36.41825743204373
37.38039166771333
36.573457338567685
36.697779440750914
37.7344864181263
38.0409212035951
38.12801903060876
37.56440699944583
37.40219671534912
37.53415935452422
37.529733091904795
38.27636108641879
38.44578364238754
38.116618957794834
37.631616928313726
37.289409915007056
36.85361012889413
36.86980090595433
36.74045854628031
36.56692238686952
36.60235212780288
36.67959803899539
36.32038184389602
35.67480095453224
36.80233405365633
36.94050394410663
36.991702263074096
37.072195087621374
35.833121871479044
36.8947304613508
36.84672661461837
35.94524558642919
35.96648058427774
35.88786829473651
37.10570021171208
37.11058790411764
37.2935326139122
36.42935640958411
37.46917436280942
37.4313258114177
37.56387220076898
37.748466634562305
36.6930700857306
36.63204866319278
36.67486813349383
37.94916118684058
38.24824503911577
38.406686340592294
38.47338368950892
38.222845109941034
38.5404433708606
38.43049613402692
38.362636032438516
38.08505467842004
38.25365242481525
38.31751966982709
38.16749079413361
37.90763465973181
37.837191680996575
37.63102805882469
37.27777691924114
37.06817401910025
37.00878144686433
36.84889072017021
36.80387792596341
36.769629360230404
36.6077246681333
35.48470178583043
36.518980667720356
36.62464709310828
36.697890462566775
36.5412223148804
36.74401037916766
35.509883119414795
36.66686234105797
36.72105496006206
36.789556242934445
35.78341529084574
36.19890922451862
37.60299760452053
37.782271153805404
38.06593184257466
38.23304616590708
38.379679048751385
38.26239159387024
37.243941063775125
38.06360175773566
37.704666168996425
36.658618198094814
37.48735265025589
36.164094746184446
36.63117425170658
36.24876566064573
34.96971138202188
35.80007210582197
36.04433468589716
36.19315065786237
36.299614207800786
36.54647095340155
36.57464814955839
37.02292894292435
35.99963579550134
36.228076609314286
37.37665625805718
37.658274195838224
37.705271049035126
37.90544796799554
37.845185789567175
37.798104295186995
36.66884877302834
37.889740997819246
37.782677777995545
37.845474055825925
37.676002699330056
37.641364249211115
36.54156494948965
37.27042041375376
36.9341535660614
36.84944067058159
36.65757730634099
36.73910145956927
36.57146170966878
36.715904285657
36.69197898428842
36.78979468941397
36.52472180646507
36.385457443113765
36.10680809785752
35.97986912679073
35.771201590030394
34.57340089307657
35.58176183515302
35.487266616783025
35.32577805130184
35.38785686245347
35.423441641199986
35.40083369127611
35.45825752765093
35.34790271438814
35.75793755529821
35.762219343613395
36.010521400373605
36.18920913101904
36.567626794953206
36.73908482116408
36.84855507056512
36.90825530087861
37.009230512597824
37.27674583830759
37.20252348268063
37.272263049283204
37.25542104095807
36.21613156560365
37.06516144069892
37.10391788012051
36.83322279321801
36.77872122069679
36.7578771503383
36.58045685197502
36.45160968966815
36.22842466792819
36.156982193459825
35.948918389623984
35.928200018470605
35.89407873789422
35.84383510148657
35.82902199943699
35.84886303486167
35.738099818180196
35.34014527587802
35.44596714435149
35.42278380977416
35.21271129985804
35.34182728619945
35.17371669148528
35.1705920463143
35.07308890228233
35.10836354582864
35.56058723623592
35.59362477115884
35.884339206856424
36.14648173415877
35.481462575794986
36.93639238989579
36.88692836605521
36.87943717607941
36.9813713985708
36.46607955648232
36.38046870698746
36.40038917957964
36.24149972812966
36.24730755993689
36.3502073171378
36.45461097256917
36.34895172102278
35.99107498550904
35.806734696304794
35.645651888600675
35.65745364572114
35.384238030441345
35.35892821496938
35.510984871883316
34.46653210703887
35.32852461290867
35.18355125811358
35.0610541736596
34.00757993539516
33.94610746124031
33.95555870310053
34.61686664599126
33.82698369030646
33.72751295834687
33.61567748938763
33.723168820753976
34.54162455273706
33.85108230802818
34.11442935087351
34.24352464688722
35.038720613013055
35.22187297076158
34.40257887210266
34.38011855802934
34.4839521707032
34.80667066040648
34.97044875170179
35.19194366829615
35.29928740032206
35.255030134232264
35.528121605172785
35.350902161122384
36.66108663302766
36.04157269782744
35.957636776375764
35.882530965791425
35.85739160596963
36.533729159626176
36.75301538171421
36.68384281612883
36.41639724011656
36.545365667028285
36.55785190552892
35.49317977538638
36.091263477957526
35.7372917739972
34.82713922468696
35.82519993985335
35.53369142554272
34.542418871189255
34.417347267702475
35.48393699006954
35.507941255913344
34.439314938367446
34.316783730149844
34.336443844130415
35.47599325974589
35.53976840112564
34.522760883932094
35.417314376071616
34.771499812315284
35.511256877232704
34.58325955037659
35.620688437451506
35.77624646697061
35.90112835152118
36.0662244103224
36.23005225479278
35.54330202150887
35.93903841906536
36.98883011974312
37.06629905649619
37.09454474472486
37.17701237535908
37.436819995312995
37.31130935941931
37.21919416530239
37.31065074469698
37.343907007448195
37.15822768776476
35.92565885422758
36.896254409419235
36.57262621346212
35.49298898182226
35.10011779674637
35.928310044476426
35.600932441259374
34.47908249053559
34.51649836170114
34.5033736001107
34.71394410871134
35.92016119910695
35.21339147752021
36.34124901681714
36.51395702446429
36.52439708214814
36.92754222145256
37.107345783128
37.35242073338344
37.56977177263161
37.44419026040728
37.35901162628394
36.53024544284996
37.44835432202491
36.508496936166104
36.389645759575885
36.21817829131656
37.12080584378328
36.801694826692255
36.76479417023661
35.57439582794562
36.330653340209004
36.06054912024758
36.181335567415864
36.099431777869576
36.014232828690055
35.631201928905554
34.3079962341009
34.47257533792548
34.36989934577774
34.44695643402433
35.3015519719773
35.61706404260145
34.547216421406695
34.845126705147585
34.9025630942187
35.91290944689042
35.139173267568765
35.34829896991026
35.36641602627898
36.736267315076965
36.96013071843889
37.19678395556626
36.211896278057424
37.13649966771468
36.23812395252188
37.15093217964145
36.048972605645446
35.75946816313251
36.444841556793385
36.16373263117574
34.78885212216593
34.80871890294519
35.547712477226185
35.40030347905116
35.42795820486937
35.457066184573854
35.7997389566548
36.20198064498304
35.98009075282554
36.31771964064717
36.27274356495977
35.64117798291962
35.76948789682792
36.62913086616643
35.90605455196029
35.925282475148556
35.736467649646414
36.098335874735305
35.845856626826425
35.26064408424013
35.150071923290916
34.59702577162105
34.65400469549818
35.832538984862886
35.50444466777738
35.63288684984018
34.45251396190602
35.007716122964275
35.10619118213414
35.58208734488014
35.630861335941916
36.90139427587555
35.931879461244286
37.218511475659405
37.135869252296736
37.37363686681429
37.55064940224189
36.37045850204745
37.492384929504524
37.58288876019276
37.43806997961703
37.587534117553375
36.13993989009999
37.30339173365312
36.865638878592804
36.76967132277748
36.302094298869015
36.127131504104355
36.165450093518636
35.899504452713806
35.83475059157504
35.86598680445185
35.89565349383765
36.033474879720124
35.16040010833109
36.306803632699555
35.45666247742584
36.68854415572446
36.89800141308355
37.31352027249656
37.19490547488479
37.418488971380285
37.70540916454402
37.77427001199669
37.811071068303875
37.56009343207695
37.36282867110384
37.285437831346
35.57503173028817
36.388293802313726
36.10903350991519
35.92207023977849
36.059687536712175
36.226272202055604
36.177148769464985
36.445645729917715
36.70354590278422
37.066908888450634
37.282714174113174
37.62066628171498
37.972248324714755
38.13967448399621
37.00324967149632
37.26773938662413
37.42332390243217
38.0449012753849
38.19619024377806
38.12537922912325
38.13450945549268
37.9887016094129
37.69848150011585
37.473078077814854
37.02868617482127
36.96201822696337
36.72641165061575
36.64112304239113
36.73197040663861
36.563779827165064
35.25011051371787
36.463236553941115
36.34254076041954
36.48326548587072
36.488929021165184
36.67450606635337
36.819276647713146
36.989753591703234
37.20054066973855
37.209832510356
36.12980667210522
37.339591716269275
36.5446618456375
37.9501370762658
38.27886914454589
37.979074449616895
37.4453678776456
36.52743538175273
36.37680091189422
36.434188403187235
36.5617890490638
37.04665094033442
37.605883500652304
37.952489638658896
38.032251126626775
37.98940197218299
37.74424272310442
36.234147550238276
35.93363377793617
36.85889259793828
36.634763401975945
36.522240370631835
36.29877206202866
36.199310131768044
36.23225615772639
36.214119507536914
36.41063580154735
36.64971529951852
36.852357458554685
36.72721582680687
37.129212017196764
35.92202873914621
37.469290939763106
37.44221055455846
36.65871863658623
37.93285371139168
37.97374190853131
37.12881421475559
37.9792999960979
36.5829341291518
37.215999244486376
37.14882206070911
36.704208832899525
36.3084174145981
36.077825030903455
36.33589585563287
36.48979673356425
35.926848328922325
36.63200201253277
36.905243861132746
37.90817778863117
37.74992843301646
37.36156769395752
36.90006444194763
35.321690790529516
35.39941396218978
36.71304567403765
37.79828899781915
37.90848169072347
37.43734679787593
35.76029053720308
36.688707214957965
36.46086703995515
36.39537564827226
36.21089122885377
36.17098360187489
36.25827661120926
36.10098389009183
36.20953552436109
36.1403997530912
36.06800160143637
36.03616779084757
36.080592641417105
35.29259382999094
36.72841784465118
36.838820914913875
37.22591526696582
36.47194277088858
37.059837385919266
37.0123331240328
38.200110905243804
38.11847674641356
37.79583890814973
36.01946598935379
36.50990155737319
36.34460578919424
36.44035575233142
36.767139098616184
37.04759237953969
37.44085296782523
37.576925204649136
37.737367179204156
37.95431187203541
38.02945171981524
38.07148443573688
38.14333299183817
37.87924778086012
37.78810547443949
37.130375616467376
36.61331052389034
36.445466962455654
36.22419912062038
36.406221848417225
36.62916717987516
35.78761430557064
37.097694594664716
37.274010430781715
37.5650030181194
37.999421749515015
38.03379286279261
37.07527354109521
37.78443380021523
37.755087844564216
37.344486230166446
35.79279897312226
36.69086567379776
35.384267434932056
36.29013957483403
35.92766782774496
36.61732888148841
37.571519387738206
37.78703401882545
35.87034457279248
36.459793653360244
36.206736508093464
34.98544772968467
36.15491793846635
35.37016933620073
36.616530380197545
37.136035224746976
36.28560973511095
37.732991019819934
37.904768693013324
37.659160176372694
36.52264129999505
36.090341340661176
35.740038980266455
37.57900255880849
37.018142314810184
37.59419399249495
36.849375606003804
36.35836301224086
36.16007795651603
36.15415822938503
36.1462163858091
36.87350987713846
37.610648836795164
38.0376159102187
37.13693234484062
36.36053521043819
36.30697432644994
36.490883055471315
36.84405971676201
36.97406843661536
37.32967040875068
37.323012530752
37.27096967368585
36.230511413228186
37.19993505749179
37.442541681505155
37.717592836549315
37.904023752647355
37.82331589450333
37.49278598839566
36.94504329781487
36.392697609201555
35.930901285663396
34.69228483456631
36.04699726143551
36.06388189050232
35.38903731733939
36.94488363149841
37.28503340100031
37.83935338906793
38.12665090897478
37.76494947465605
37.706729656644754
36.18872975045724
36.01705294139602
35.879832957061815
36.519755964777225
36.299111106950875
36.20685411215512
36.09443087529101
36.077752485859655
36.38881599622365
36.866873441461046
37.29881422224715
37.44645077112394
37.59195389979175
37.67504051533739
37.80493683312168
38.000819359362225
37.946066688368695
37.947691199648155
37.72489093677217
37.59102443435218
37.155133895110744
36.82197777001771
36.61139123722587
36.4299479895034
36.48907361563449
36.35186951858329
35.20849225653702
36.393593508765385
36.37768011428681
36.37824711062376
36.466954602827236
36.90293488693842
37.13850887841507
37.4363104748934
37.860808294259975
38.0457630094838
38.2031757954197
38.17541061283301
38.289415689077416
38.35276621434794
38.327217152613564
38.215930781199944
38.160183536588846
38.13077948079688
37.913978481954445
37.970657839739644
37.98884913479235
37.78458578403681
37.6974271280083
37.676748397834146
37.46844262356952
37.33098763530611
37.14411274698681
37.045052924508276
37.055491908871154
36.81971880310608
36.73603110702261
36.52788423918275
36.428754294702024
36.55066070258148
36.34273473859792
35.1816307609456
35.36441641008817
36.757868844484925
36.92407383279777
36.58072647258081
36.52323667636772
36.70099471693484
35.66707338940876
36.935601976652485
36.894195502491385
36.80426522590891
35.83812084610598
36.9846887328005
36.919282405291234
36.863571043214726
36.806661865012835
36.91042468859011
36.878166652341164
36.68194208416149
36.767659360321154
36.74740706207609
36.82705441763661
36.878051693869295
36.97637625582598
36.868601941961295
37.06050854622592
36.7835911494016
35.92129774574795
37.01780060210244
36.92025336003171
36.767020340281796
36.77702442881502
36.80550310632931
36.821024386178884
36.753453894644
36.76682050045823
36.91280775946464
36.71862474530159
36.731830703166445
36.6447922578559
36.62305997533269
36.48676396938402
36.575461412539504
36.636538961413436
36.7532378486422
36.82505233686151
36.755052673031365
36.6881521875601
36.78592895847386
36.62385304315137
36.43810433316104
36.468597764704015
36.65980938944617
36.61322002269705
36.620336502140574
36.91307246749799
36.597045407378
36.623649518921184
36.71704684631201
36.6387452122874
36.65184225206523
36.73659308271374
36.52286604278362
35.39973924824946
35.23994233095409
35.178640894931796
36.46892903221716
34.93448514024336
36.169278297550015
36.25063119804034
36.25544914427159
35.23951327538121
36.098371176882885
36.263064699445906
36.23167252834798
36.325484205052646
36.387878230273564
36.372676779561665
36.508732255903915
36.222910878716625
36.351897907107286
36.29538349196604
36.19470534308458
36.152186158163786
36.21399225130573
36.240349147189214
36.29205197231825
36.23487196454467
36.29682791489631
36.31915734342414
36.143131792104256
36.162401617625214
36.042020959265294
36.103304160693476
36.12947231125991
36.090244946228296
35.05637214156483
34.90501275014718
36.105247639867535
36.10550410835872
36.052476187224464
36.1097076719294
36.30986868531319
36.234161178833475
36.53845950890977
36.60712423922857
36.93492985437292
37.43317682827746
37.73649470267083
37.956847855602405
37.85977174459324
37.74997274399035
37.69024488540065
36.56594230279728
36.45811280915318
37.70797957442311
36.38952171608158
37.70945649741654
37.122137458839326
36.60349788153204
36.408728693839564
35.1301909628766
36.33610539675089
36.36437357750065
36.22575927344349
36.36954262000255
35.053676718937645
36.1969131831313
34.80803357370152
35.96816121872119
35.86006300925656
35.974943316420344
36.154424988668445
36.13968100269945
36.24310134314985
36.175872299368386
36.23179421053503
36.186909770834525
36.36772964261816
36.339179044511994
36.55655353147788
35.814846466349934
36.18425661836749
37.58454625391378
37.77839540997384
37.85389401297916
36.69534244110651
37.63500167419229
37.58256221256438
37.40822045273561
37.303005841974304
35.966407047927284
35.89733160102319
36.81204174977823
36.470183889776706
36.20118824707641
36.1945819172529
36.1301155757446
34.918195896610875
36.02522037109915
36.05141879761798
35.02692075008559
35.897428066520206
35.880037419379036
36.11088500803698
36.44894588069846
36.55705136335399
36.853950638129305
36.79384424943312
36.8749573924979
36.71924191526592
36.72066078164858
36.95030698983314
37.27950438117526
37.68324410601807
36.521767636922675
37.42890150830638
37.09989886472484
36.89805864645947
35.34033524200686
36.4351926742441
36.511743575255075
36.41589271464299
36.448732784796775
36.25647708646459
36.30684107452916
36.46205571765366
36.79847561234301
37.11974178381622
37.53774230429467
37.75467512149158
37.70270828287533
36.558615569536734
37.41182859591691
37.4072831656549
37.551251012486574
37.84522704719245
38.01478041512196
37.80125908730086
37.750218558497025
37.928333915786794
37.688254048825485
37.75678433370399
37.69887082826333
37.892134985797824
37.788762097622204
37.44818732349669
37.44445330045129
37.05617176249052
36.867253294769924
36.652452938129976
36.4260775310211
36.22262572704197
36.24553773061114
36.112209075048
36.228049412291725
36.04846414561622
36.00436488395174
36.1131547152388
35.790301426362085
35.74058443900603
35.63176482148014
35.61985089467166
35.5682403054818
34.516564833950795
35.48364086463137
35.62627382445537
34.33205143959377
35.38698008368755
34.54588843748937
35.69181435768614
36.12499792657949
36.18913528168543
35.13076112284555
36.41773486072243
36.31419941143702
35.172103953996924
36.478122967615825
36.711967873589415
36.7104309988563
36.92790533291605
37.2496079621354
36.29650188957268
35.994745493812474
36.886506740163455
36.738669600492535
36.662886957340774
36.6306735935829
36.448291314877075
36.440841291852166
36.09639603280883
35.832326244404356
35.645307437924444
34.2786224055217
35.230821695474965
35.16299981254116
35.29440462754571
35.26082173789871
35.498468051233154
35.31284924828371
35.467053645674085
34.341176618514936
34.451342069752464
35.53320891998726
35.67462795828192
36.00770073790517
36.12580592485456
36.210139635641866
35.28951838271536
36.65578025291391
36.89118764616926
36.91685448242206
36.94811086781758
36.95494576893607
37.12201127430985
36.194540908515464
37.00969331447325
37.07984511406931
37.03588175971132
36.900876406801316
35.58635535763665
36.456970544316526
35.131896247511925
35.07610231859529
36.04367146091015
35.739623238237286
35.566548527886624
35.21693433356669
35.04882672058102
35.089016148884426
34.78650172900945
34.78202129749787
34.78667245317159
34.889429444872434
34.962273697644754
35.35419908878683
35.33002705871942
35.662814682765244
35.69050479784542
35.55493920847432
35.585248746886286
35.555611009454054
35.787927281206656
35.745733848930065
35.98757165831857
36.328628323548024
35.402152521924144
36.688741273249356
36.67209161982568
35.4429742628135
36.612229842512
36.68190396505909
36.731307873441125
35.68910198777845
36.78231858160512
35.76993770991204
36.90587871225726
35.60389511795308
36.71278503059766
35.273950762102636
36.180375761068085
35.972723660654864
34.75911739806823
35.68502935857726
35.69614782555232
34.402745967506235
35.46149186301318
35.16655183399569
35.10844754780208
35.057882878215004
35.0793994066398
35.09696294560011
34.164142869272
35.418795465540704
35.38057909137335
34.16892112651249
34.17935999529296
35.31301746564173
34.51409100433097
35.108572711006
34.80036308970499
36.14644351210246
35.326686385773854
36.28580530618138
36.44590809432587
35.422149767241855
36.43370071285342
36.59940818571054
36.59703434367527
36.74328798165468
35.83969021727057
36.9083702152633
36.76562613350842
35.55203423147578
35.451399440268936
35.34992950728572
35.270355865678276
35.36121794305742
35.18144372859632
35.23045975074038
34.986624981903525
36.02734176786928
35.88793258145646
35.77917503374469
35.53285879502523
35.32773555274937
35.087319826925814
34.90540771386473
34.7366646495673
34.71795646143339
34.81024974616861
35.039383374808736
33.89382617468606
34.82043980553972
35.01666690126079
35.04381774897625
35.149799711841915
35.1686175910993
35.49592180232402
35.522225424966074
35.810317582101725
35.77736623582685
35.883139239337055
36.18962881745504
36.2017945969512
36.561751293375785
36.48397671136902
36.53539179609377
36.500585540817866
35.20534347605596
36.23125414319968
35.91985916377795
35.74123162131233
35.64157382255151
34.57363677961994
34.51160000583771
34.88177850786525
34.68217979419789
35.77596258819448
35.91604813828851
35.81874267149286
34.69372126608918
35.59994285699229
35.34900844273173
33.995117774108145
33.902437279819395
35.12513350006885
35.09841284568478
35.03709425533071
35.132174191371206
35.17802041410344
35.18301364754695
35.03450260935352
35.05804306950853
34.9288748938109
34.97154747644605
35.081446550446685
34.79686467175245
34.81350520640884
33.77603736149216
34.88328814185496
33.72085395344879
34.78107602269524
34.688385326957714
33.58596769268109
34.88842968403563
35.13605591445203
35.21436876584859
34.221156638289536
35.601877618595616
35.648867398968385
35.65727275114558
35.8086627919425
35.79074049951092
36.00152477563402
35.997804282515595
34.89496586364944
36.273627065513224
35.27408877731597
36.52746050571791
36.55212935139005
36.718064349001935
36.579562128919676
36.69218075095959
36.64195171932887
36.54845683402308
36.44976592575509
36.24014960055223
36.156115017951336
35.96808150378656
35.70716465008334
35.448555100099895
35.21019899721483
34.9951081410875
34.850453968092864
34.95632651867144
34.93877455816912
35.08941772275994
35.228676883205004
35.2187507467433
35.53732953084889
35.4228463904957
35.70002436979759
35.81429977499677
36.03519930462125
36.462260477768
36.813076375994804
36.94396731912669
37.05973742224476
36.78701867608169
36.47983299066763
36.42924663369831
35.90216761415444
35.76397756176611
35.373933639755805
35.09680975651937
34.99398968260529
34.87862212520673
34.883461646739526
34.98491468775028
33.836818449328945
35.109318382304664
35.151696080218215
35.201728705079205
35.39733277945092
35.39228483619069
35.53971214558985
35.50154689472317
35.52122657112829
35.7594224446191
35.732426050911066
35.52748629590483
35.71559838075889
35.7089154565469
35.53787272704059
35.60700936431828
35.50871403500566
35.61467893733756
35.820664574272236
35.748575746041354
35.827990643270304
34.766431325361964
34.86354074342243
36.00980376744491
36.16185066445859
36.35219107657473
36.352001121763486
36.67596817652947
36.76539326792672
37.00940153401459
35.94836653602506
37.28544839838686
37.33025488360764
37.36260854160905
37.2898733323654
37.32127064499811
37.09154691242728
36.54411287999833
36.49854857999148
36.20936034913577
36.11705819573293
36.13677625130589
35.98827341123564
36.09699377174726
35.888506268422965
35.59124165580619
35.48876794679645
35.77707921160963
35.89766213852762
36.480447060509846
37.17211855744069
37.62668299317454
37.1682281186513
36.77433511285399
36.51334120912659
36.285509625342854
36.23293846031587
36.29472610979238
36.414818668914734
35.17653088327597
36.11635612173927
36.16485972272473
36.141010226328234
35.97037487181488
36.0322486007632
35.909296759912245
35.98190317150469
36.203565991570976
36.140785029239
36.29409065672782
36.18319193792257
36.24059166725766
36.26096679326077
36.19461094764412
36.205245218902995
36.45637413663818
35.321705416235794
36.59484880840315
36.50507130404854
36.49697520642134
36.537278919887015
36.43996346191559
36.44366487414716
35.02817028607567
36.06265785033765
35.96939091868648
35.94378836629688
35.996110017121694
36.04886326547579
34.951337457275976
36.05617179276381
35.707427935130255
34.48011576318236
35.58504059380856
35.68147677568369
35.83206805298355
35.8042509566787
35.92272932664811
35.85903660611264
35.678421467902524
35.748213983294605
35.73212378931218
35.69910510540397
35.78796472203785
35.81165490837503
35.702031067908806
35.75478730112056
35.87794970779222
35.89307609888944
35.634774327151796
35.74419491600546
35.77572681996493
34.49767649382721
34.37917411892321
35.68308342553179
35.80074332278671
35.69313659357252
35.57273115355464
34.29937749984589
35.61541175522719
35.71314993858786
34.40613558266867
35.753515469951296
35.89158142363246
35.78404405726935
35.82861899767685
35.872925997350265
34.57726301559213
35.65443838262324
35.64716623478754
35.7069916820681
35.74739152572466
34.56769345064428
35.67561428203047
35.58135031588224
35.75535105232103
35.808115578744136
35.804291799864906
35.77229533271481
35.76571117346982
34.44112856713273
34.52349378250143
34.44281689294959
35.649249885231896
35.78417912460655
35.81754883965461
35.890310392927695
35.90165118714224
35.867547262238354
35.90119282649248
35.69780339792436
35.62124454399612
35.6731824690509
35.79035006516354
35.79667045953804
35.97273112475203
35.86822851417427
35.79435481821848
35.98240006111831
35.768071029768784
35.82891900629861
35.907621010166956
35.81114203008376
34.436387467617315
35.832251948761794
34.77160661410813
35.926781227917694
35.93931302853449
36.03008124406369
36.02356106330815
35.99071936915142
35.07081631042264
35.29668953450187
36.481343620286346
36.49264095347576
36.42741185596883
36.47084121964045
36.312368758513536
36.45127213178569
36.46644231011174
36.41875128388004
36.40615588938626
36.554570036045284
36.379612550308366
36.275040773854194
36.465259964748576
36.4495251465991
35.508268552822095
36.71543548929125
36.74236502700949
36.76235279990953
36.82260976889545
36.873957405622136
35.79401695230581
36.898199408779625
35.97657887302177
36.87942513755116
36.62814677391933
35.125549921610116
34.97062351651452
36.10945304909667
36.066303179402055
36.42886220339626
35.85789368973857
37.397446898472786
37.724354553207384
37.48954593093762
37.59034963781724
37.7164942038691
37.63813569724174
37.4362573717955
37.88004594316522
37.685668993888875
37.89124456324197
37.84410179194492
37.775252281536126
37.83679095219319
37.77601226538584
37.77286896403615
37.81848107777838
37.44006777834018
37.30856173536326
37.37233387945437
37.29721674951456
37.191213481701844
37.14839916000808
37.04601358509007
36.94415935369447
36.63491873799336
36.55488919491691
36.555570616283674
36.16119705127001
36.089675157765505
35.99613578532611
34.71683410726091
34.57139421327363
35.70181417230941
34.67354511729079
35.56374379355284
35.73956889495251
34.69926767473882
36.147273545394164
36.474214053920505
36.83360700541811
37.043336556409734
37.31622369864762
37.50687050804652
36.66554031607181
37.77027417832207
36.67339493454999
37.90351411806248
37.839817051440356
36.55744015379074
36.5716535140568
37.48599923469937
37.2858791600507
36.892854565038995
35.4050176052938
36.55788204643141
36.224345881266146
36.21811931307544
35.96776485994595
34.80660080700123
35.79672839801542
35.73238961062324
36.01573275744583
36.21058992125503
36.28587061852069
36.62444534244496
36.76730877161506
36.70036076252811
36.81660874144694
36.88474911961387
36.83621400812414
37.131229472155695
37.16150902636657
37.31566386324183
37.75856194760368
37.854514666444985
38.00520960723946
37.93314278923917
37.87414160134285
37.66484776184801
37.70556405005743
37.69398434970263
37.791828557245566
37.66902886916022
37.63761797700947
37.389720404046365
37.43655842237686
37.560596482419605
37.30959798289839
36.90969732195695
36.73614410278545
36.66870089468176
36.583094296580846
36.42713338268472
36.3269269773041
35.28075363280558
35.31096736056088
36.291551399858704
36.19994226174271
36.08791517133091
35.91603272437866
35.91075063399772
35.94884225145578
36.038580139260226
35.929904551249855
34.87999788901101
36.097745078025454
36.18656981526206
36.207098649135766
36.59975587312499
36.654831732521764
37.001085224478956
37.03595368737264
37.173734134792866
37.222157280796125
37.077043474850406
37.30329626929133
37.23932747928375
37.20414948601105
37.24915461452779
37.430101610514946
37.78401424934045
36.697234069638064
36.700845120020574
37.738407677853345
37.7880474132066
37.878257744762095
37.812264746233424
37.992755621355165
36.8978798641846
36.82773670446507
37.92837538143873
37.878172730849315
37.865901621963594
37.96767657971712
37.96292187568422
37.86060600976601
37.891734085424055
37.70711058384123
37.598972055360846
37.671650573515976
37.69523058564875
37.78470296175947
37.38831230804648
37.663116378774895
37.38456015192868
37.25716101221205
35.9799343453151
35.81179268590872
36.82436279162777
36.71796740060434
36.593423951866185
36.46089341319637
36.5120224893237
35.234875745238966
36.19137540846784
35.089388713817925
36.239509819243274
34.95270319862242
34.815902731243696
34.78321981288332
34.84574141142633
36.028408843481074
35.920366472387045
34.71472917396533
34.7257979334776
35.75010382054003
35.79819747146829
35.856821975922536
36.01489923080542
35.93969073321371
34.787344326950226
35.87077199374389
34.54335096727103
34.649901027968
35.87985599753783
35.76454515207758
35.97354145923358
36.10724923666633
36.18793146523572
36.455738784398584
36.55560968645257
35.44660625538076
35.500806884346424
36.91301591239149
37.107834374533844
37.34997996855118
37.706941694325366
37.73541431649475
37.70171749991179
37.81388515346338
37.75417873874905
37.84513860636953
36.889846976830256
37.77901792719611
37.89065375342457
37.824891405879455
37.842826182244444
37.68621036897912
37.53147537053385
36.37411117020765
37.252211553356084
36.910113569647756
36.73939320875167
36.39762273905486
36.46735524518346
36.27837026867795
36.23599081711378
35.04383535599579
34.90844341734731
34.97098429490064
36.012008643946125
36.09248433992649
34.81137758282187
34.797681485068175
36.36404000446047
35.4811563892829
36.69680875504488
37.027597507829675
37.32264887016279
36.23691802936485
37.50549230958691
37.554280511029745
37.598196666645045
37.586735430668604
36.71064373006558
37.85026063175732
36.709401377868005
36.721130589122794
37.78813218074444
38.051818483009896
37.89367640337057
37.7838788338327
36.610311610183274
37.84970929633542
36.4958541902392
37.6093437834424
37.513478921153876
37.47416656587037
37.13875656111473
37.205701641957404
36.791383009553506
36.56031696376931
36.26561256392875
36.19625089695498
35.873261296572146
35.90496736902043
35.88950897378934
35.95546932926096
35.81401173085359
36.076453473744344
35.825514550294145
35.75516976889719
35.93168193398616
35.9274262686624
36.06085481316939
36.217211898625465
36.02042183053289
36.140127822507914
36.29178567846832
36.328572247604804
36.539604024540274
36.755369290461296
36.838445484642385
35.78158272919761
37.39586408788688
37.605686230907864
37.66710319510085
37.844708688131476
37.57597498338043
36.30959688276975
37.40000813830836
37.494993790308875
37.5395495357172
37.36986826363548
37.48347089559476
35.98355327254368
36.9714996237899
36.52997660826517
35.98948767015555
36.055836517501234
34.71611431771277
35.78481120971495
34.83115436702898
35.865738581769676
35.816034585234256
35.83170730703229
35.854237553236366
35.66304498141089
35.73117794846047
35.71412128088361
34.71473614791966
36.041681488680325
34.94936471309402
36.14421384679726
36.174415015208396
36.30173626444319
36.44467844705731
36.49807755784833
36.59627969978509
36.56965033621441
36.62167162451136
36.781746519199835
36.735498424633946
36.712959852900646
37.006473332207044
37.06801085892532
37.20305955365781
37.31849571717355
37.50357652569338
37.66121167554907
37.76099060265742
37.81462706211982
37.64524409862619
37.60743767897667
37.419892882393434
36.303420005636596
37.47982948727189
37.381061194148366
37.220563596357195
36.971395792159
35.593294814212
36.48107442204218
36.16681992138301
35.93720208642055
35.78693234194328
35.784914527969946
35.82159180005886
35.65669696131379
35.59095054209968
35.54642278566281
35.734702774727104
34.591831687101056
34.56154613677346
34.49567809376639
35.558549235772006
35.62397744793306
35.4895627801259
35.617111032664276
35.63701660970924
34.58257602039181
35.60982599284875
35.729634895633346
35.687616561250955
35.80295172635414
35.79213877806238
35.039189311214884
34.83661895092603
35.90650691885576
35.966370887596405
35.05834516739743
36.14828699599134
36.02088497698731
36.21247488124066
36.236368056103835
36.44061787196767
36.503575810931366
36.67395201787283
36.92496646152227
37.16603172437503
37.338993910769844
37.40171622543055
37.45384081031022
37.3876167635438
37.38701685355371
37.334579379704955
37.24986975340925
37.15552654132288
37.134909248715886
36.95609354034374
36.76256138819707
36.5932895904809
36.3599884709517
36.41102633321493
35.95432565830818
35.96238459404204
35.87374021764985
35.91246464266908
35.699210351563586
35.645659650169335
35.57848559129109
35.719386660924535
35.662552447264105
35.586402855701216
35.47555642650728
35.61331538264398
35.401523738168784
34.057558333639946
34.21025518640032
34.066497161272075
34.04019218888659
34.19050969055498
34.06147672943387
35.20505560226513
33.902062930724476
35.34221496934555
35.19401861239571
35.43294430248539
34.36484747746811
35.3605008433501
35.59746532389233
34.482574199358716
35.75483374820527
35.55541428029521
34.70445373054721
35.7373748339585
34.811322384563816
34.99916909196797
35.95290073083481
36.1206375587715
34.97969433944089
36.11223351191355
36.22966352442194
36.382637359686285
36.32412883063627
35.5075533456126
35.7402102090403
35.672642538094976
35.94722425216851
35.86677791147113
35.831966097367115
36.95227522487095
36.8176740393057
36.87712921623545
36.82426961769847
36.9304115104205
35.741669342243064
36.63688812195044
36.50784992298281
36.62323160891846
36.53835744172806
35.23848808855662
35.296718614637456
36.0816513203128
34.60307610506887
35.480428152039735
34.20362471659537
35.375500978908875
35.472628368463084
35.21703357145032
35.26597710996661
35.311926829325756
35.072406993936724
33.94581374719693
33.89202138019509
35.148536884366926
35.04066267810796
34.89641582047141
35.087863418938895
35.204405862764915
35.23740553784945
35.359831281538554
35.51690525358954
35.69241831707755
36.145228564621675
36.43238061062099
36.71890180883384
36.85142317421895
37.11193394578784
37.110274831598524
36.1812147345003
36.117563313119085
37.277122330792594
37.144810692260776
37.064115035665544
37.21926136005219
37.18381005629792
36.009943779961326
35.97894777883264
36.97423808337978
36.97313887365369
36.83873978209043
36.769842485852394
36.63287057509122
36.41093659269164
35.95278848830958
35.62943574238364
35.33314884839241
35.06059441968682
33.78637832423486
33.80196523137644
35.095505837507886
34.883092703268446
35.02218511664224
35.06487743510544
35.0525077696663
35.020633777113424
34.93890701068613
34.970694960179706
35.2720188114595
35.32368536397119
35.76736940715863
34.68991907050571
35.73938788765815
35.925672123819375
34.928009591548715
34.69488421093171
36.18223147019866
36.222014854715276
36.309217102622576
36.34618230047822
36.58447105649556
36.5638069931432
36.66882660790886
36.618416040406224
36.798632770023126
36.50573683307402
35.27331482652662
36.01090804116496
35.705352674826166
35.55169405693256
35.2377528515047
35.10306808807826
34.95951771728548
34.84133525068015
34.762727040567
34.619476855793415
34.64110902712319
34.944013480746925
34.77199401748494
34.90710890100944
33.990859625591966
35.49614028559972
35.81716276923512
36.133625608592226
36.404786526539574
35.634864536349326
36.74150279541382
36.56362740621163
36.340055940315125
36.12302552794724
34.7618752191686
34.69479690872526
35.46290260213191
35.23985479669609
34.02845591596904
35.01145321624903
34.98718372950397
35.04222112863643
35.17024591611839
35.14853444473819
35.296038107488556
34.31820744920973
35.32148055507344
35.323827613113295
34.501521672359765
34.68900343838883
34.8967054948959
36.305929299167076
36.482247533428385
36.5317980527461
35.43154189874064
36.78379298260954
36.75577443325597
36.95140742573279
36.01925079454797
37.07874080760013
37.09162909370035
36.161065062133346
37.038099472820235
36.03451827667898
36.98441221432094
37.15328663306941
37.16610724371148
37.183874292761175
37.00382647670026
37.05999817771198
36.89801091757525
36.84561009287044
36.87392562998901
36.715085351534526
36.64795554034888
36.492321815152884
36.358920842036156
36.3141962188141
36.233229705285765
36.20853705979999
36.156847238469055
36.00250485995834
35.85666408080544
36.061043938858006
36.01491575444253
35.98577960358816
36.036320202664534
36.02251822278054
36.06474649261077
36.02023441863429
35.84300719957135
35.77362448065434
35.90814770211199
35.81395421850377
35.84260711282969
35.98242246264527
35.959249362900415
35.99286172833661
35.965668319007136
36.13001590711373
36.16554696762206
36.18204509416737
36.22371122962575
36.2353754038258
36.28897792844091
35.00090193336996
36.320616882620925
36.170749856069094
36.08150894917136
35.99234965296249
36.20202399556966
35.97891064873591
36.07853194244266
36.06644822218227
36.098233166880114
36.07529802003533
36.0813569577376
36.11717756082919
36.025728348017715
36.10232238409772
35.92960340733412
36.148630896973586
35.94046312356038
36.025298745325834
35.9485830875032
35.92086073780916
35.88762155332378
35.86045250164456
35.9665246508989
36.173461349959105
35.984079409209286
35.94106060190454
34.49603517259112
34.59353019650587
34.80200669654334
35.975599644887936
34.77129907172098
34.94985257434689
35.11483235870366
35.116323434672154
35.31011910710431
35.07017657395407
35.19352868364971
35.20760497091058
35.37030783629723
35.30017958782396
35.53068352179095
35.659513612038104
35.67829403160789
35.92209779058472
36.11215506203551
37.33885753307203
37.534174931543134
36.40514871771009
37.63221616044734
36.6836203861391
36.71063580141678
38.0121594184418
36.824220395209956
37.855763626474754
37.715417521912975
36.57370080825615
37.41564935263223
37.21639601777751
35.91765677973183
36.8283160667204
35.227190723340065
35.28299836445926
35.17946322382152
36.280078752213385
35.96867739696742
34.827796602235175
34.96184125894767
36.178783623179015
36.1271524246286
36.489324451557756
35.45574139618332
37.08226459345247
35.661581634527224
35.99555423302515
35.84791725634504
37.17378661347474
37.19347397919354
35.979193653917
35.877405437595115
36.95828221369868
35.75374193745405
37.044927481594044
37.35221765414723
37.24340707485566
37.385931820806334
37.491455525053205
37.26738650227658
36.13786773307887
36.076765705989104
36.21094440706364
36.16340810587917
36.12859564382273
37.39650571487984
37.68365978348948
37.88091835003498
37.941502626352786
36.82401892435592
36.949498922835474
38.13649811474745
38.29833250163547
37.192275282002306
38.406978915554426
38.42782258890552
38.43480885156978
37.97271683881931
38.030994904870326
36.97528178526986
38.13182338291861
37.6175903908255
37.489827055753935
36.992473009227176
36.84209711003068
36.69794608617854
36.57183518317423
36.771218765020336
35.64424146406101
36.64909821434748
36.59764991412175
36.59493454870928
36.49653805554415
36.69907961689384
36.828483571477655
36.87961961081747
37.201819180545705
37.46639546444749
37.48137734586337
36.37881910236707
37.93508008137673
38.09787975995772
36.984815856443554
38.20815953764598
38.44451469673594
38.5630043474292
38.6348015094963
38.75586248698531
38.60105352382482
38.533869724129715
38.55972284917342
38.33844979475786
38.132890957803355
37.710910966997986
37.775725994542306
37.648875394202335
37.4843931906576
37.4428864093056
37.28522148238732
36.97598852802391
37.00514427246855
37.02324123977419
36.60565294586067
36.78520251214243
36.63418725911775
36.4952630302402
36.51366646450481
36.568744553403754
36.53399790109674
36.59324409357566
36.43068812700584
36.3881884222825
36.47638427775812
36.253982410537205
36.43378823366289
36.38972004580045
35.163264333095434
35.433081135221094
36.57637873606424
36.705988732077564
36.59957346088717
36.68798026471158
36.825949697871614
35.77239465581051
36.965143315681914
37.16362471654031
37.31168979199419
37.50288265343289
37.41594772250148
37.652238165789946
37.5592877674616
37.6811773553727
37.57083127755852
36.52316849413211
36.67592030860775
37.81747181282137
37.697483972075844
37.973527184609395
38.00005209410988
38.197017011779344
38.30768555571161
38.47186231109509
38.48459510454741
37.29202503024559
37.39427279695303
38.51147987046767
38.41892710946591
38.501327255672436
38.30554636162567
38.001845415534795
37.91283955874336
38.028273028860234
37.90904552352561
37.83793361571207
37.66700560333095
37.41593725478525
37.357201022859876
37.023749821699475
36.78171857819437
36.73386238731364
36.5769761183719
36.591357565691645
36.718946880993414
37.06385220033311
37.112682803433316
37.33770972941099
37.65735182360417
37.618375419352006
37.80834972904449
38.07485536819111
38.17591896172588
38.299666003701965
38.34161845899654
38.41480705765672
38.529340117723855
38.46607848926662
38.50105650386688
38.14382217321947
38.14939596666617
37.823322996299126
37.71082356623569
37.511180885917554
37.6207126086905
37.36965827202369
37.0721580984369
36.98629162001584
36.73046161493298
36.421523520375565
36.57165003605359
36.51538157295291
36.710214258359855
36.61137740013965
35.421417175911934
36.930783475158805
37.08156330528145
37.65678793087918
37.82646333513337
38.19047090616441
38.364294831050664
38.56393425985042
38.66794692075851
38.55620225028661
38.8354299097306
38.64313013630766
38.75064030418094
38.593737760623256
38.38419354895202
38.46736048596294
38.233730873749295
38.11072816216801
38.19825873593661
38.118257627496845
38.079155657851835
38.04371940016561
37.83372056971183
37.91403529284052
36.75077615456034
37.799084146642755
37.699448998489174
37.60334365162868
37.75310154535695
36.608115649701176
37.74359017978019
37.7411051138386
36.27481888817122
37.24793558059415
37.16922609124827
36.98214442869833
36.899236805820195
35.624354289998486
35.5395242167182
36.80932351064267
35.373360780663596
36.70237724665001
36.448454758506664
36.57161574069164
35.27367689284502
35.33292903449122
35.34862344391573
36.68518062746927
35.52135218940267
35.40779093318176
36.62692224010518
35.35356903686488
35.55224558332363
35.76978701589751
35.75875969650765
37.1727045570837
37.179067849523086
37.18561485047732
36.089217679216766
36.06608163636514
36.1468850530959
36.12272524299941
37.4001772539335
36.35883095767524
36.71488228715148
37.981523203959526
38.15164876367243
38.39203656392076
38.61538073414743
37.82213360237452
37.87797802969646
38.914627077162415
38.86574722910933
38.73609477018021
38.530166081110686
38.15823505203081
37.89880616852805
37.55308180506717
35.99252576544201
37.26419300360339
37.167586174146656
37.09041740115201
37.08770874750646
37.076521811499845
37.09714506381121
36.983000502215795
37.078297362104976
37.093818255856284
35.891037752121115
37.11554364515362
37.31898085747274
37.552473390489034
37.580081223139885
37.51553081259828
37.74007680194045
38.01921054512077
38.10931603472037
38.21217733211437
37.573202038944466
38.96653424393258
39.33855701772334
39.156661154258856
39.373312347495855
39.36458193197094
39.39868613834964
39.23734599492395
39.28396126946193
39.04845574308187
38.808255426970895
38.59935933657492
38.109499302092836
37.71223955482311
37.348574029552424
37.302185950150395
37.189985069889175
37.13049084212844
36.9536068707168
36.966343270260445
36.99181809941786
36.932461850441044
37.09263484006978
37.11028740099529
37.36129438370745
36.27139047007223
37.776788863450605
37.72658218838486
37.996428268308904
38.17144584474188
38.39121799488105
38.68751859777446
39.069650044703316
38.93649355354745
39.218348599353526
38.909111244748225
38.645153894409226
38.43779826954731
38.22554090054985
37.98677852120294
37.60442445283304
37.5427287543302
37.5644651978825
37.55020735285306
37.34548150352131
37.39636811816083
37.4158725037089
37.39833408782561
37.383255519197476
37.313066765624676
36.327217929953534
37.59329221875026
36.71206725654981
38.25491816598389
38.50880224373823
37.654280554862574
39.02209942751796
38.028302465486185
38.193970790357646
39.226924564910085
37.99611876134235
38.74148048663757
38.28729716028785
37.85499270444653
37.50786969967013
37.22890372241945
37.21903640037713
37.32175251533985
37.09826094635024
35.87975334407541
37.0170309712349
37.27658009665393
37.087484440173355
37.00658110500217
36.906768179261825
37.04370451858946
37.10532764922168
37.39582012886156
37.21199675215889
37.34395842332899
37.54637090028418
37.72767688337238
37.65072049048961
37.857426155082464
37.72149709465381
37.86986657628895
38.09141829798145
38.243513898300534
38.36965970764141
38.60554193138421
38.546531411294865
38.81131987571426
38.85535904012475
37.65956352558271
37.73280543778501
39.204708805163996
39.18928538196728
39.114295404915445
39.192013107057335
39.274821002999026
39.21792301788297
38.926683473539285
38.791493220922824
38.60778058122873
37.60041689559572
38.69563932031503
37.1876357496517
37.14566881664619
38.125501669324215
37.98313326247383
37.7776010287118
37.588728938508794
37.43273290995076
37.219187059810075
37.179649795333866
37.133823827062336
36.95918347612568
37.11266140336569
36.97486260600734
35.79706824035047
36.01140003616285
37.252924359045956
37.6199987877615
37.90062801189887
36.98669898891238
38.41119842949973
38.54425183964716
38.84875310585239
38.764834892017966
38.780158601553886
38.95714113188032
38.836948664793134
38.898464776716295
38.56209370969844
38.647788168521366
38.5301621930802
38.34780156862532
38.267626466683204
38.04891078168176
37.70136234847526
37.638376461205624
37.355627727298355
37.23154165008481
37.17167785804237
37.092767666387516
35.84358538771765
37.0255549407833
36.956006293565764
36.945904776945035
37.048507820915034
37.08747171833302
37.1046666216766
36.362905285065004
37.561039986526005
37.53162270308157
37.7108017376117
36.9197781664781
37.843206995851325
37.95307540045867
38.07670696653849
38.42352877075522
38.59932478058054
38.60601270851683
38.654953501272374
38.34074101669942
38.395049290518
38.45293102871241
38.058754823344906
38.098732895743815
37.60769832675608
37.3098543795605
37.002952855719435
36.627959935933866
35.33602855282947
35.337426120182286
36.509301149847495
36.50459011998092
36.67106239536388
36.74881255823775
36.87596958260413
37.23977681665045
37.31577814822506
36.53391337319743
37.93489615261187
38.160754668822
38.18704195018638
38.042368080210146
37.917420128009574
37.776660448131565
37.792922220110704
35.95924695537113
37.43566840869425
36.93853117632223
36.49946112342098
35.10506229355809
36.20747312834162
36.07445965513924
34.91365768944082
36.04862616615091
34.95194039766206
34.955068582935034
36.18744636327022
34.96936139532166
36.17847812905407
34.897902307389934
35.080611560572144
36.33533319191178
36.28272607772311
36.306393283046084
36.33831578544379
36.636111339188574
35.70386460022991
36.91377226011869
35.88864857182177
36.95751593038895
37.27290032407675
37.41324737447315
36.521988038117634
37.633381100821445
36.60553268019037
37.95559509709736
37.790296135185415
37.784595228040665
37.864260689457886
37.8269384301536
37.90302254502554
37.88300953084238
37.78156716665496
37.73060862263156
37.493200072740834
37.29815735049666
37.10162235389123
37.33559433145377
37.05114980480064
36.946629319056385
35.84666300427982
37.02068130839586
36.68821933116476
36.67157857099499
36.59818956820305
36.49411696760344
36.160342636608775
35.98729595191094
35.932938520094986
36.06312589243717
36.104324844953105
35.967996383921715
36.05390078078877
36.10363806502744
36.392173288454366
36.30566614768826
36.53681928303216
36.870181046205026
36.90841262739196
37.17357612314387
37.521656527366424
36.499969681104325
37.91653475032464
38.01741275659598
38.10051296911186
38.067293508787195
38.04643110409755
37.83476676936384
37.658683201609556
37.54886418024894
37.47688058700614
37.428665679379456
37.38679417517812
37.06281418670924
36.73704275777885
36.5189745011462
36.17781571829448
36.057850367555226
36.055129806396174
36.07369395997106
36.09916092709909
36.19879730439171
34.98732509583341
36.44423815312821
35.24176889760318
36.5877157168681
36.53297452826867
36.56007501877469
36.77994341153941
35.564276082408924
36.998806240515314
37.087667385345235
37.346992513829726
37.604226917759476
37.64694751459951
36.61087934224514
37.77829553382494
36.67769525265048
37.955929066585696
37.81550250755446
37.891530131848974
37.86413165991206
37.5684537926839
37.55305074862916
37.27466975176534
37.04939051007391
36.689416151638376
36.38932617378053
36.054749777523334
35.93620521574037
34.89138775503065
35.90301717832252
35.96015096040788
36.1086450553454
34.990616572185246
36.61088354456522
36.68980529670365
36.89582661994155
37.11580293943232
37.419229252396995
37.53207774583504
37.7345845960061
37.87965906640725
37.95173552287052
37.913888334506716
37.8616314141854
37.788988026712886
37.8363649791022
37.968775170819626
37.8034946074781
37.735999872625214
37.816510747241715
37.80642305328091
37.77861663679543
37.58223917615005
36.36170076113029
36.3480619612554
36.40048260083272
36.318244616178944
36.18590455634479
37.18765213826832
37.42166987166526
37.352832141895895
37.19748773928117
36.00274445644985
37.286758912693514
37.38247008664483
37.1724828692292
37.13409196027106
37.269593174661956
37.08163067490737
36.48915749443812
36.60660499958599
36.478102757742306
36.290244607874826
36.13301502315321
36.070203039504264
36.15706893675642
36.138007764552725
35.045829250859406
36.1789473736936
36.374689336404025
36.09389245054477
36.43033446463131
35.306826346395674
36.45267856576707
36.55429185382909
36.63759740604101
36.55894626844341
36.5474851608142
36.47527099548902
36.56877205383698
36.50711903780939
36.47177066097519
36.604947923377544
36.4021001654443
36.27022158006472
36.44541337221766
36.54047591625486
35.23605645937135
36.30446563329297
36.36497352258404
36.53558647771581
36.41333893750631
35.24094518223383
36.37038095207971
36.494336867292525
36.477763084083946
36.44393726790089
36.44358438103696
36.565822290179376
36.525012836452724
36.543571537964326
36.56990857847865
36.45369031252191
36.69997600527292
36.71996311426599
36.63620862966188
36.69880215019075
36.6333329748678
36.701618107702316
36.94727052210847
36.838768069955314
36.901771893946226
36.81518088044339
37.13127456288598
36.974212834289744
36.93167802454475
37.0366201925499
37.117015444439296
36.99303516661204
37.110526771527425
37.09299555249859
36.92469440990632
37.01086221488654
35.73774899664269
36.83708751685575
36.81684303770709
36.93563502454306
36.924338477527
37.018985058401114
35.67308301754376
36.8606891954683
37.05182116566413
36.98764967616365
36.88285965116111
36.942333471206645
36.96856454622593
36.994807928661196
36.98247186022203
37.359829450498005
37.1911835038403
37.13267179967837
36.88271482216362
36.91922815716539
37.4831286579808
38.28730291782397
37.7197737273093
38.94072959723273
38.72941139468466
38.23612311398134
37.921575471229666
37.51273105640786
37.461309939675346
37.4744991049203
37.51322866734542
36.09244720640386
37.12528620921403
37.315907851267276
36.2873801216505
36.86031698185271
38.230491023079146
37.00906651107246
37.28247740390534
38.35146784191612
37.22570070827002
38.505200699534036
38.422328933160045
37.527814867339664
38.768060238929365
38.83434361133796
37.98011975899022
39.20525564578017
39.43881551126403
39.58691696688895
39.59062628996792
39.71547768550562
38.44530386443398
39.460701087489475
39.61365691474966
39.55430612096725
38.37683452598659
39.66499218903575
39.57307938490419
38.60399000301247
38.59018389556183
38.607960217062605
38.40565377393003
39.53449114115901
38.242591279586996
39.66082455184469
38.71538381442996
39.64226507245571
39.50503616060364
38.575196887458105
39.73234018053785
39.639251796953026
38.500560309584266
39.63785832033256
38.31242091301924
39.66020701861463
38.446843979744614
39.59758951885706
38.55436377398448
38.3882861706421
38.7330033862122
39.70823936255684
38.691777756428074
39.66570245052544
39.647044827837284
39.724461500077176
39.835346230750325
39.835504074151935
39.83113553645008
38.662852183270786
38.399265264277105
38.66348824115677
39.774720384690184
38.77530431362794
39.747612452603384
39.80879005202968
39.85802668433409
39.876102341375095
39.60999927825171
39.377072480307646
37.66566761532394
37.3820737070972
38.45465057499908
38.240809428084134
38.24634679640355
37.86827858927358
37.8767458416207
37.89218211286588
38.245518026196095
38.85925460914204
38.9158629012847
38.876294337610624
37.864343372808996
37.923339160672924
37.910508810835346
38.99312080328758
37.83935363814295
39.36489184601835
39.153926808871866
39.3440363537773
39.66987055752982
38.229216618683935
39.747790153050296
38.42878417392385
39.59602610047124
39.53945315765833
39.493259679597855
39.4014826481423
39.3741615565238
39.32584282018344
39.107558274882706
38.41896521132926
36.55362044303072
36.465603903410006
37.969349157671935
38.16256271385631
38.462414420352395
37.607276862912144
39.40097824382877
39.785552066228966
39.85796206648151
39.92038093730885
39.596760830758406
39.47080498509847
38.956273947751875
38.63387380108609
38.18040346232846
37.683850646192724
37.72219503107606
36.86425504372984
38.01995218350357
38.10570125233566
38.393209643583916
38.64556348173114
38.92438126252364
39.20820367417658
39.82097905057716
39.894579440538394
39.934554238855576
40.005398035617745
38.64779246573282
39.63479293416474
39.63511509376693
39.44741696628596
39.07823890044016
38.900674765088766
38.591340151831616
38.71980496508623
38.56510904221635
38.21917752020403
38.17176249046442
38.05891180337911
38.05816554191305
37.98590208123053
38.03832104555211
37.86679463363186
38.04775172890033
38.25467453190145
38.320454518758666
38.31802373560253
38.28962121802064
38.485265756372314
38.446951580162754
38.5229977743756
38.42216369841478
38.52431488666843
37.53501438422226
38.89011512466221
39.12541109976738
39.39489286831493
39.62541279487237
39.773171924710645
39.996232006155125
39.984405580413856
38.91751280739484
38.63481506199998
38.718291144467834
39.747974876733096
39.84503533814844
39.85542262531299
38.343630283467405
38.87556903823945
37.326927502686154
38.24677367885905
37.99493504616686
38.095126407523075
38.120057921759994
38.013463030777345
38.022090694483786
38.03257381156412
38.125145390827655
38.0586543273416
38.16965647858245
38.355868251331934
38.85460305356768
39.110103843515155
39.6345293911501
39.84606575727258
39.75244997005671
39.79027255995881
39.90303787096104
39.83624706473319
39.6934841748603
39.36939281568576
38.79590257891232
38.281303369426325
37.820542291869764
37.600605638013434
38.07521666386528
37.9786367562846
38.04382127185833
37.07962139985841
38.05917732358215
38.23287865988504
38.06502062825352
38.34975916853605
38.39858602624639
38.502673684394956
38.346702476318086
38.49778797150057
38.46689095589301
37.615001356790486
38.668044063087144
38.675920751763485
37.65102591539822
37.67277897931909
38.88640066101265
38.90388100508953
39.136059879166254
39.13557949105958
39.190793951939945
39.28979496145787
39.16993870854516
39.329129945687505
38.496965789119336
38.61038301848554
39.90948444764002
39.96621711558344
39.76484282868823
40.083835991265296
39.8583059935663
39.88820429130942
39.707617494763035
39.68807227951323
39.640532295963
39.35661954290599
39.49308268964201
39.121880407990844
38.985723481271165
38.480161348116525
38.178845045234425
38.138216653277055
38.054468016312356
38.13672661080707
37.98850194390802
38.06648191460514
37.9533046053766
37.917405167022125
37.86090573118159
38.04667767445052
37.784751825562346
38.065721951085
36.80544999948221
37.164306640660435
37.293878433271146
37.19830763322064
38.67465729280079
38.367436622461724
38.830891432442975
38.88973886870451
37.73664890231552
38.992041504725826
39.17232136527985
38.35918854228545
39.78169665336071
40.064390531269176
39.83225213250812
39.88878293959452
39.870690735469246
38.68403438148025
39.42646276463358
39.24241630945336
38.930664990360995
38.756668837307664
37.53891570730551
38.22388280490248
38.20342618535311
38.36720248755553
38.4640275089862
38.698052997038204
38.82292582906516
38.84997594621262
38.90806578375944
39.06527502291336
39.1243406891427
39.38027281541024
39.439273713072595
39.572164493742065
39.603952033006635
39.76917788782364
39.02194881732121
40.21541270928689
40.2238355266955
40.42106127903159
40.241341376494745
40.18553204428349
40.143355884074076
40.17838975605898
40.29563537688825
40.39085160790675
40.02605806342995
39.82875483517659
39.89518806513938
39.78253007851601
39.743809582898024
39.77665591060976
39.47614901478292
39.250757854581146
39.08001666311405
39.11245823329928
38.751391855347904
38.488087583498825
38.44139871092938
38.269771319416634
38.159679082201116
38.077881262372145
36.97865496608751
38.069372712519176
38.15647084229896
38.23513328529297
38.24510077480349
38.36711325183687
38.468862172477564
38.675582213044954
38.71536721542384
38.78660938738728
38.99986802498369
38.98496584460071
39.142417102772235
37.85641510681399
39.306382706099555
39.332196674633295
39.33957228238976
39.29809152644926
38.31667878889249
39.618008905195
39.44284075023046
39.481310753760795
39.486855534806764
38.25983532541819
39.3301497636531
39.296965907829744
39.24962908358561
39.013227485454635
38.78004015823499
38.59281799498526
38.24028420678167
38.00967072929891
37.956978639826524
37.97456986634367
37.95799758423145
37.76085811667493
37.6782543018104
37.67216548109566
37.66750264783297
37.368889379869735
37.64681527429096
37.493609516552695
37.57214233177342
38.01142200359747
38.24953405969809
38.46799005847857
38.405792311867174
38.446878959053926
38.389811821894725
38.6123304373478
38.83972849759379
39.15599148212554
39.39241513618984
39.69366027174642
39.5852045917613
39.577513041048476
39.459289389016185
39.44262725356184
39.04719056605399
39.044965857339086
38.974258860055386
38.7799848836088
38.57234276677839
38.33451095647253
38.140577664319544
37.820697839358196
37.920405856910776
38.12089381242488
38.2783429953608
38.62615932324281
38.85574563661929
39.07701659030449
39.42828258594078
39.64957412108556
39.9321007384571
39.8808991428893
39.92950401187481
39.8320878404386
39.775683768062905
39.52464332799552
39.595260494177474
39.53358107619846
38.90191203114217
38.996849638739185
39.10061370133534
38.91284348123624
38.70630524663673
38.60426390236426
38.416275806979506
38.213369034310304
37.87113038763833
37.78117226579246
37.72271976051612
37.549250798256175
37.54630789706827
37.679489220744784
37.93458383148666
37.752775949184695
37.849804935178376
38.058867989582765
38.16561915866124
38.47291679127043
37.54294297008954
37.60295668253784
38.671676958457944
37.47589120419535
38.59958219660842
38.66639664887091
39.02335882220635
39.43237686603551
39.63137481911604
39.7542122330431
39.80315942488913
39.745987862338126
39.71723236422838
39.854563379769395
38.675119600199075
38.56495496060643
39.70194216061545
38.84001907331188
39.90833925540008
39.5434762570856
39.041503469100824
39.093790738640855
39.38019877417659
38.40489301783136
39.50171281003999
39.65863033514781
39.78301158565505
39.93494246888497
39.808250186269454
39.64567446948028
39.804296003045664
39.61030949172604
38.36669994570556
39.78305936394518
38.55944146641961
39.46324783575958
39.337684580228114
38.2255147039122
39.46391724771977
39.349310636987795
39.50081884928321
39.28807404733499
39.364593296623866
39.374456802152864
39.44339325058604
38.08685049669044
39.402224376468595
39.182983264979654
39.28329654055259
39.25888109277855
39.07878304459293
38.724806724657576
38.85837322210722
39.067899481311386
39.191403499822634
39.18031923410785
39.1912482240944
39.1225727168527
39.22336064847875
39.260817654714145
39.17422145815156
39.14266264095302
39.04256563701108
39.08413836362694
38.89754465295224
38.957476396277514
39.051098911668504
38.82961578483988
38.740899739019696
38.8092605617189
38.73296616238208
38.67709272260828
38.68302063677596
38.82740326846384
38.64343004063923
38.55772905941458
38.592551734044754
38.76235065580246
38.63955589607553
38.60057999964174
38.81043146383057
38.71475307195389
37.64243163219438
38.7622163532941
38.694654489883824
37.531411514072204
38.82146441401363
38.80942861174033
38.93388783007062
38.806549168634525
37.83611424008102
39.022586455253126
37.95800534520067
38.0683828915643
38.89724518945082
37.77313477529757
38.81708264675404
38.7406812895546
37.68384386503302
38.802004955216454
38.87996378813659
38.7419662810769
38.739451764134536
38.75426891599438
38.81021709056427
37.66436257277478
37.79390040329278
38.82216835339102
38.08765873752322
38.97395891431645
37.98984951586249
38.01823655529973
37.82717163673454
38.84221358507519
38.57415621602232
37.02941224441603
38.15846924758312
38.136068152461306
38.435086662884
38.55316771049744
38.95827333920981
39.11236252710036
39.27872057650023
39.443090104110034
40.52157219506904
40.602477309103165
40.791147332963114
41.00643991494823
41.13328306409302
41.42102727226327
41.73078340689539
40.357580804889814
42.18329306826914
42.29897670497945
42.49561704527284
42.763645430215284
43.222769525810364
43.26137277204512
43.62414048282757
44.76430922957575
45.282768855759514
45.58877427958101
45.947726409759575
46.56873044880635
46.48536400864353
47.10927985849497
47.040456063054705
47.319440102908864
47.39489447217469
47.72572785511059
48.17823879666321
48.02267614271552
48.291662780282905
48.704830081244104
49.09297258776416
49.224977497583126
49.71510890622534
